1.976581066846847534e-01 9.999899864196777344e-01
2.891993522644042969e+01 3.613686752319335938e+01
4.404800478368997574e-03 1.532445311546325684e+00
1.436988241039216518e-04 6.283174037933349609e+00
9.824570268392562866e-03 3.139219760894775391e+00
1.000404823571443558e-02 3.133104562759399414e+00
5.001836270093917847e-02 9.999672174453735352e-01
5.000821501016616821e-02 9.999236464500427246e-01
1.090177102014422417e-04 6.283134937286376953e+00
5.861856698174960911e-05 6.283073425292968750e+00
3.639898071289062500e+02 1.319046020507812500e+03
-4.536851495504379272e-02 2.291972637176513672e-01
5.467968940734863281e+00 5.660865783691406250e+00
1.236912157764891163e-05 3.141555547714233398e+00
-3.414954990148544312e-03 3.934455569833517075e-03
