2.013295292854309082e-01 9.999727010726928711e-01
3.009144973754882812e+01 3.613661575317382812e+01
5.064470693469047546e-03 1.375032782554626465e+00
2.258127351524308324e-04 6.283167362213134766e+00
1.475973334163427353e-02 3.134972810745239258e+00
1.330148894339799881e-02 3.131062030792236328e+00
5.002741515636444092e-02 9.999668002128601074e-01
5.001779645681381226e-02 9.998992085456848145e-01
1.138766165240667760e-04 6.283041000366210938e+00
1.025541350827552378e-04 6.283002853393554688e+00
3.640756225585937500e+02 1.319045898437500000e+03
-3.930812329053878784e-02 2.056018263101577759e-01
5.473191738128662109e+00 5.642740249633789062e+00
2.009013769566081464e-05 3.141448974609375000e+00
-2.873872173950076103e-03 3.934145439416170120e-03
