1.886713802814483643e-01 9.999906420707702637e-01
2.640292739868164062e+01 3.831753540039062500e+01
1.030069426633417606e-03 1.594395518302917480e+00
3.723123882082290947e-05 6.283179759979248047e+00
9.769413620233535767e-03 3.140876770019531250e+00
9.895339608192443848e-03 3.140953540802001953e+00
5.001519247889518738e-02 9.999960064888000488e-01
5.000185593962669373e-02 9.999639987945556641e-01
7.732214726274833083e-05 6.283143043518066406e+00
3.329682294861413538e-05 6.283166885375976562e+00
3.639557495117187500e+02 1.403258666992187500e+03
-9.185305237770080566e-02 3.813689351081848145e-01
5.357391834259033203e+00 5.871787548065185547e+00
1.010572032100753859e-05 3.141568899154663086e+00
-8.005815558135509491e-03 8.249117992818355560e-03
