2.868857085704803467e-01 9.999147057533264160e-01
2.750751876831054688e+01 3.517738342285156250e+01
1.193254161626100540e-02 1.350000381469726562e+00
3.139286418445408344e-04 6.282738208770751953e+00
1.814440451562404633e-02 3.127027273178100586e+00
1.971741765737533569e-02 3.131073713302612305e+00
5.009399354457855225e-02 9.999397993087768555e-01
5.008462816476821899e-02 9.999639391899108887e-01
1.334105181740596890e-04 6.282608509063720703e+00
8.151060938835144043e-01 3.857441186904907227e+00
3.551890563964843750e+02 1.075718627929687500e+03
-1.328012645244598389e-01 1.808490753173828125e-01
5.453643321990966797e+00 5.641977787017822266e+00
1.807075459510087967e-04 3.141417026519775391e+00
-5.564941093325614929e-03 2.509275916963815689e-03
