2.370842844247817993e-01 9.999654889106750488e-01
2.578089904785156250e+01 3.625201416015625000e+01
9.928572922945022583e-03 1.450797677040100098e+00
2.450208703521639109e-04 6.282820701599121094e+00
1.104075554758310318e-02 3.131346464157104492e+00
1.514172926545143127e-02 3.133954524993896484e+00
5.006832256913185120e-02 9.999876022338867188e-01
5.004922673106193542e-02 9.999795556068420410e-01
9.181939094560220838e-05 6.282976627349853516e+00
1.326741621596738696e-04 4.582496643066406250e+00
2.603966064453125000e+02 1.177473754882812500e+03
-1.736591458320617676e-01 2.128968089818954468e-01
5.429430007934570312e+00 5.650829792022705078e+00
1.187483867397531867e-04 3.141507387161254883e+00
-7.158295251429080963e-03 3.959861584007740021e-03
