2.370843142271041870e-01 9.999552965164184570e-01
2.750721168518066406e+01 3.552146911621093750e+01
1.004823390394449234e-02 1.358836650848388672e+00
2.721320779528468847e-04 6.282808780670166016e+00
1.541525032371282578e-02 3.130598068237304688e+00
1.538976188749074936e-02 3.133882522583007812e+00
5.007831379771232605e-02 9.999790787696838379e-01
5.005746334791183472e-02 9.999735355377197266e-01
9.678282367531210184e-05 6.282918453216552734e+00
5.002734065055847168e-01 4.059296131134033203e+00
3.050608825683593750e+02 1.118518066406250000e+03
-1.341106444597244263e-01 1.851144582033157349e-01
5.450851917266845703e+00 5.644213199615478516e+00
1.364685158478096128e-04 3.141471624374389648e+00
-5.565048661082983017e-03 2.551375655457377434e-03
