2.869954705238342285e-01 9.999097585678100586e-01
2.775398635864257812e+01 3.461875152587890625e+01
1.263333577662706375e-02 1.318490028381347656e+00
4.309081705287098885e-04 6.282533645629882812e+00
2.047649398446083069e-02 3.124918460845947266e+00
2.310926839709281921e-02 3.128923892974853516e+00
5.011985823512077332e-02 9.999217391014099121e-01
5.011147633194923401e-02 9.999256730079650879e-01
2.299694606335833669e-04 6.282438278198242188e+00
8.568527698516845703e-01 3.776925563812255859e+00
3.636923828125000000e+02 1.046499511718750000e+03
-1.284620314836502075e-01 1.787165701389312744e-01
5.453644275665283203e+00 5.620254039764404297e+00
2.087696193484589458e-04 3.141221284866333008e+00
-5.401836708188056946e-03 2.394633134827017784e-03
