1.371105313301086426e-01 9.999792575836181641e-01
2.500029945373535156e+01 4.129185867309570312e+01
8.679281920194625854e-03 1.679915070533752441e+00
2.287603128934279084e-04 6.282831668853759766e+00
1.014922000467777252e-02 3.135202884674072266e+00
7.650630548596382141e-03 3.134689807891845703e+00
5.001165717840194702e-02 9.999904036521911621e-01
5.001950636506080627e-02 9.999887347221374512e-01
4.325617192080244422e-05 6.283023834228515625e+00
8.194955444196239114e-05 6.283093929290771484e+00
1.022377014160156250e+02 1.455453735351562500e+03
-2.527653276920318604e-01 3.488963842391967773e-01
5.303694248199462891e+00 5.695668697357177734e+00
1.020557247102260590e-04 3.141540050506591797e+00
-1.161856856197118759e-02 1.089180074632167816e-02
