1.250033974647521973e-01 9.999882578849792480e-01
2.500005340576171875e+01 4.722452163696289062e+01
7.205608766525983810e-03 3.134307861328125000e+00
1.531834423076361418e-04 6.283141136169433594e+00
1.731519820168614388e-03 3.136595964431762695e+00
7.234029471874237061e-03 3.139490842819213867e+00
5.001109838485717773e-02 9.999915957450866699e-01
5.000377446413040161e-02 9.999991059303283691e-01
4.162791810813359916e-05 6.283063888549804688e+00
7.216642552521079779e-05 6.283102512359619141e+00
1.013489227294921875e+02 1.499976806640625000e+03
-6.519381999969482422e-01 7.448344230651855469e-01
4.240448951721191406e+00 6.283071994781494141e+00
5.775323370471596718e-05 3.141542673110961914e+00
-2.758843824267387390e-02 2.302677184343338013e-02
