2.869747281074523926e-01 9.999129176139831543e-01
2.757757377624511719e+01 3.509879302978515625e+01
1.241520978510379791e-02 1.349996805191040039e+00
3.895537520293146372e-04 6.282624721527099609e+00
1.882163062691688538e-02 3.125443935394287109e+00
1.986387558281421661e-02 3.130286931991577148e+00
5.010988190770149231e-02 9.999343156814575195e-01
5.009404942393302917e-02 9.999315142631530762e-01
2.243611961603164673e-04 6.282505035400390625e+00
8.568516373634338379e-01 3.857409715652465820e+00
3.552345886230468750e+02 1.072360351562500000e+03
-1.327998638153076172e-01 1.808475106954574585e-01
5.453644275665283203e+00 5.629212379455566406e+00
1.865039812400937080e-04 3.141275644302368164e+00
-5.564889404922723770e-03 2.394708106294274330e-03
