2.868796586990356445e-01 9.999545812606811523e-01
2.750736236572265625e+01 3.529688644409179688e+01
1.048526261001825333e-02 1.358834266662597656e+00
2.765401150099933147e-04 6.282776832580566406e+00
1.742850430309772491e-02 3.129151344299316406e+00
1.949619129300117493e-02 3.132905960083007812e+00
5.007997155189514160e-02 9.999781847000122070e-01
5.007131025195121765e-02 9.999653697013854980e-01
1.005182566586881876e-04 6.282830715179443359e+00
8.150898814201354980e-01 3.973140716552734375e+00
3.050672912597656250e+02 1.075725219726562500e+03
-1.341039985418319702e-01 1.808513700962066650e-01
5.451534748077392578e+00 5.641979217529296875e+00
1.529788569314405322e-04 3.141458034515380859e+00
-5.565006751567125320e-03 2.509284066036343575e-03
