2.754640579223632812e-01 9.999751448631286621e-01
2.926156997680664062e+01 3.658839035034179688e+01
1.206074561923742294e-02 1.311677455902099609e+00
4.146242863498628139e-04 6.282922267913818359e+00
1.373023819178342819e-02 3.132170438766479492e+00
7.999699562788009644e-03 3.128293275833129883e+00
5.002934485673904419e-02 9.999735355377197266e-01
5.004443973302841187e-02 9.999848008155822754e-01
1.366132200928404927e-04 6.283019542694091797e+00
2.765274345874786377e-01 3.970433950424194336e+00
3.361293334960937500e+02 1.232745605468750000e+03
-6.052255257964134216e-02 2.142767161130905151e-01
5.492462635040283203e+00 5.660279273986816406e+00
2.237209555460140109e-04 3.141516447067260742e+00
-2.728746505454182625e-03 5.232710391283035278e-03
