3.272096216678619385e-01 9.999560713768005371e-01
2.989550971984863281e+01 3.626842880249023438e+01
1.339653041213750839e-02 1.287560939788818359e+00
6.248709396459162235e-04 6.282898902893066406e+00
1.446801889687776566e-02 3.129845857620239258e+00
9.594844654202461243e-03 3.126645088195800781e+00
5.007075890898704529e-02 9.999535679817199707e-01
5.006244033575057983e-02 9.999564290046691895e-01
2.302485663676634431e-04 6.282571315765380859e+00
4.689010679721832275e-01 3.524335861206054688e+00
3.608447570800781250e+02 1.158018310546875000e+03
-5.368314310908317566e-02 1.945765912532806396e-01
5.499940872192382812e+00 5.649991035461425781e+00
3.343437565490603447e-04 3.141458988189697266e+00
-2.553074620664119720e-03 4.111557267606258392e-03
