2.754588425159454346e-01 9.999912977218627930e-01
2.740276336669921875e+01 3.904338836669921875e+01
8.676171302795410156e-03 1.508011102676391602e+00
1.890203711809590459e-04 6.283069610595703125e+00
7.514727767556905746e-03 3.138955831527709961e+00
5.463763605803251266e-03 3.130312919616699219e+00
5.000631511211395264e-02 9.999825954437255859e-01
5.003041028976440430e-02 9.999930858612060547e-01
7.418705354211851954e-05 6.283072948455810547e+00
7.283713057404384017e-05 6.283138275146484375e+00
1.006295089721679688e+02 1.459907470703125000e+03
-1.421517878770828247e-01 2.548855841159820557e-01
5.446197509765625000e+00 5.684411048889160156e+00
6.279912486206740141e-05 3.141544342041015625e+00
-5.025744438171386719e-03 7.524162996560335159e-03
