3.272089660167694092e-01 9.999584555625915527e-01
2.947204780578613281e+01 3.651568984985351562e+01
1.278631575405597687e-02 1.287563443183898926e+00
4.937744233757257462e-04 6.282912731170654297e+00
1.430202554911375046e-02 3.131940603256225586e+00
9.188110008835792542e-03 3.126890182495117188e+00
5.003471300005912781e-02 9.999707341194152832e-01
5.005526915192604065e-02 9.999784231185913086e-01
2.078686229651793838e-04 6.282814502716064453e+00
4.688624143600463867e-01 3.524337291717529297e+00
3.361405029296875000e+02 1.207431152343750000e+03
-6.014742702245712280e-02 1.945779174566268921e-01
5.492469310760498047e+00 5.653081417083740234e+00
2.984741877298802137e-04 3.141511440277099609e+00
-2.553211990743875504e-03 4.112871829420328140e-03
