1.253957897424697876e-01 9.999995231628417969e-01
2.500008964538574219e+01 4.257449722290039062e+01
7.789265830069780350e-03 3.139286994934082031e+00
7.325736078200861812e-05 6.283114433288574219e+00
4.520611837506294250e-03 3.139668941497802734e+00
4.395982250571250916e-03 3.132737636566162109e+00
5.000108107924461365e-02 9.999916553497314453e-01
5.000674724578857422e-02 9.999948143959045410e-01
5.851824425917584449e-06 6.283176422119140625e+00
8.966712812252808362e-06 6.283146858215332031e+00
1.003488006591796875e+02 1.499996215820312500e+03
-5.283792614936828613e-01 6.110550165176391602e-01
4.938766002655029297e+00 6.283130645751953125e+00
1.382845130137866363e-05 3.141578197479248047e+00
-1.717430166900157928e-02 1.969405449926853180e-02
