2.754632532596588135e-01 9.999908804893493652e-01
2.918167495727539062e+01 3.742151641845703125e+01
1.153821591287851334e-02 1.311677813529968262e+00
2.176006237277761102e-04 6.282963275909423828e+00
1.068271137773990631e-02 3.134349584579467773e+00
6.605334579944610596e-03 3.128859043121337891e+00
5.001653730869293213e-02 9.999780058860778809e-01
5.003704503178596497e-02 9.999927282333374023e-01
9.667575795901939273e-05 6.283026218414306641e+00
6.660479120910167694e-04 4.430530548095703125e+00
3.058158874511718750e+02 1.232745971679687500e+03
-6.053075939416885376e-02 2.142769098281860352e-01
5.492461204528808594e+00 5.674620628356933594e+00
2.097615215461701155e-04 3.141521692276000977e+00
-2.741100033745169640e-03 5.232897121459245682e-03
