2.873271405696868896e-01 9.999612569808959961e-01
2.884179115295410156e+01 3.635898590087890625e+01
1.103809662163257599e-02 1.394902706146240234e+00
2.617110149003565311e-04 6.283002853393554688e+00
1.599334925413131714e-02 3.122869968414306641e+00
1.496681757271289825e-02 3.130171060562133789e+00
5.003770813345909119e-02 9.999247193336486816e-01
5.005055293440818787e-02 9.999554157257080078e-01
4.683694278355687857e-04 6.282786846160888672e+00
2.584648609627038240e-04 6.282791614532470703e+00
2.984812316894531250e+02 1.223418945312500000e+03
-1.356619298458099365e-01 1.734690666198730469e-01
5.451921939849853516e+00 5.624839305877685547e+00
2.703589852899312973e-04 3.141443729400634766e+00
-5.359846632927656174e-03 2.574440324679017067e-03
