2.427812814712524414e-01 9.999936223030090332e-01
2.636458587646484375e+01 3.898691177368164062e+01
7.117812987416982651e-03 1.553777337074279785e+00
1.603650453034788370e-04 6.283142566680908203e+00
6.602636538445949554e-03 3.134068965911865234e+00
9.499003179371356964e-03 3.132030248641967773e+00
5.001171305775642395e-02 9.999691247940063477e-01
5.002211779356002808e-02 9.999936819076538086e-01
2.168944483855739236e-04 6.283056259155273438e+00
1.029068371281027794e-04 6.283070564270019531e+00
1.003627624511718750e+02 1.499990478515625000e+03
-2.206994146108627319e-01 2.336104661226272583e-01
5.388264179229736328e+00 5.678464412689208984e+00
4.750705920741893351e-05 3.141518592834472656e+00
-8.926143869757652283e-03 5.570935085415840149e-03
