1.250228434801101685e-01 9.999939203262329102e-01
2.500009155273437500e+01 4.452898025512695312e+01
6.345386151224374771e-03 2.229217290878295898e+00
2.568609852460213006e-05 6.283149242401123047e+00
6.412228103727102280e-03 3.139020204544067383e+00
7.574666757136583328e-03 3.136055707931518555e+00
5.000240355730056763e-02 9.999976158142089844e-01
5.002161487936973572e-02 9.999976158142089844e-01
2.158642018912360072e-04 6.283094882965087891e+00
5.716965097235515714e-05 6.283138751983642578e+00
1.003336639404296875e+02 1.499995727539062500e+03
-4.537479281425476074e-01 5.872228741645812988e-01
4.747301578521728516e+00 6.237051010131835938e+00
2.575268445070832968e-05 3.141553401947021484e+00
-2.141592651605606079e-02 1.268386933952569962e-02
