2.597446441650390625e-01 9.999768733978271484e-01
2.856306838989257812e+01 3.669622421264648438e+01
7.228714879602193832e-03 1.435412883758544922e+00
1.687043113633990288e-04 6.283125400543212891e+00
1.279586739838123322e-02 3.125866174697875977e+00
9.510003030300140381e-03 3.130976438522338867e+00
5.002053081989288330e-02 9.999684095382690430e-01
5.002731084823608398e-02 9.999719262123107910e-01
3.383966395631432533e-04 6.283009052276611328e+00
1.451257994631305337e-04 6.282924175262451172e+00
2.584906005859375000e+02 1.287404663085937500e+03
-1.599337011575698853e-01 2.094668298959732056e-01
5.434840679168701172e+00 5.632036685943603516e+00
6.935394776519387960e-05 3.141498804092407227e+00
-6.031058728694915771e-03 3.518207231536507607e-03
