2.873264849185943604e-01 9.999655485153198242e-01
2.856319618225097656e+01 3.635921096801757812e+01
8.807026781141757965e-03 1.394905328750610352e+00
1.697880361462011933e-04 6.283099174499511719e+00
1.406172476708889008e-02 3.124648332595825195e+00
1.267933938652276993e-02 3.130526304244995117e+00
5.002100020647048950e-02 9.999606609344482422e-01
5.003644898533821106e-02 9.999677538871765137e-01
3.543064522091299295e-04 6.282970905303955078e+00
2.142823504982516170e-04 6.282844066619873047e+00
2.983824157714843750e+02 1.223446044921875000e+03
-1.446164697408676147e-01 1.734796017408370972e-01
5.441697597503662109e+00 5.632036685943603516e+00
1.002865828922949731e-04 3.141455888748168945e+00
-5.929102189838886261e-03 3.018445102497935295e-03
