2.873269319534301758e-01 9.999642372131347656e-01
2.856324768066406250e+01 3.635910034179687500e+01
1.087914686650037766e-02 1.394904375076293945e+00
2.522130380384624004e-04 6.283088684082031250e+00
1.535084377974271774e-02 3.123083114624023438e+00
1.329838577657938004e-02 3.130454540252685547e+00
5.002507567405700684e-02 9.999565482139587402e-01
5.003704130649566650e-02 9.999585151672363281e-01
4.232467035762965679e-04 6.282965660095214844e+00
2.207901561632752419e-04 6.282813549041748047e+00
2.984440307617187500e+02 1.223433715820312500e+03
-1.446162313222885132e-01 1.734696626663208008e-01
5.451920032501220703e+00 5.624841690063476562e+00
1.188022069982253015e-04 3.141444444656372070e+00
-5.679621826857328415e-03 2.574470825493335724e-03
