2.873331606388092041e-01 9.999557137489318848e-01
2.884184455871582031e+01 3.611046981811523438e+01
1.167699508368968964e-02 1.369575381278991699e+00
2.973123919218778610e-04 6.282948017120361328e+00
1.642800867557525635e-02 3.121579408645629883e+00
1.894185878336429596e-02 3.128854990005493164e+00
5.004051327705383301e-02 9.999033808708190918e-01
5.006175488233566284e-02 9.999526143074035645e-01
5.522302817553281784e-04 6.282764434814453125e+00
3.117023443337529898e-04 6.282776832580566406e+00
2.986241760253906250e+02 1.223400756835937500e+03
-1.278546154499053955e-01 1.734686344861984253e-01
5.451923847198486328e+00 5.623680114746093750e+00
3.041879972442984581e-04 3.141434907913208008e+00
-5.359817761927843094e-03 2.574100159108638763e-03
