3.050954639911651611e-01 9.999892115592956543e-01
2.794004440307617188e+01 3.678069305419921875e+01
9.090560488402843475e-03 1.442557454109191895e+00
1.185737273772247136e-04 6.282747745513916016e+00
1.673239096999168396e-02 3.133133649826049805e+00
1.216509379446506500e-02 3.129682540893554688e+00
5.001200735569000244e-02 9.999656081199645996e-01
5.002581328153610229e-02 9.999830126762390137e-01
4.024106601718813181e-04 6.282865047454833984e+00
3.113888378720730543e-04 6.282989025115966797e+00
3.149516296386718750e+02 1.475309448242187500e+03
-1.136447563767433167e-01 2.271983474493026733e-01
5.439484119415283203e+00 5.653783798217773438e+00
2.993524540215730667e-04 3.141499519348144531e+00
-5.010630004107952118e-03 5.260287784039974213e-03
