2.620964050292968750e-01 9.999949336051940918e-01
2.610806846618652344e+01 3.820783996582031250e+01
8.974193595349788666e-03 1.613689780235290527e+00
4.694307062891311944e-05 6.282817840576171875e+00
1.565079018473625183e-02 3.135382890701293945e+00
1.170248817652463913e-02 3.130373954772949219e+00
5.001069232821464539e-02 9.999672770500183105e-01
5.001880601048469543e-02 9.999831318855285645e-01
3.360176051501184702e-04 6.282883644104003906e+00
2.391721063759177923e-04 6.283005237579345703e+00
1.499457550048828125e+02 1.499985473632812500e+03
-1.136448159813880920e-01 2.774047255516052246e-01
5.400749206542968750e+00 5.687495708465576172e+00
2.179166331188753247e-04 3.141519784927368164e+00
-7.098006550222635269e-03 6.721743382513523102e-03
