1.893615424633026123e-01 9.999985098838806152e-01
2.500074005126953125e+01 4.222510528564453125e+01
7.892549969255924225e-03 3.131615161895751953e+00
1.696448998700361699e-05 6.282837390899658203e+00
1.301008183509111404e-02 3.136004447937011719e+00
8.022791706025600433e-03 3.131059169769287109e+00
5.000447109341621399e-02 9.999955892562866211e-01
5.001825094223022461e-02 9.999871253967285156e-01
2.215320564573630691e-04 6.282891273498535156e+00
1.517376949777826667e-04 6.283079624176025391e+00
1.017090072631835938e+02 1.499985595703125000e+03
-7.228015661239624023e-01 6.803428530693054199e-01
4.878634929656982422e+00 6.067299842834472656e+00
6.021833905833773315e-05 3.141545057296752930e+00
-1.744656451046466827e-02 1.117815915495157242e-02
