3.051008582115173340e-01 9.999830126762390137e-01
2.794007110595703125e+01 3.642110824584960938e+01
9.161657653748989105e-03 1.442543625831604004e+00
3.543885250110179186e-04 6.282665252685546875e+00
1.791774854063987732e-02 3.132181406021118164e+00
1.293068844825029373e-02 3.127871036529541016e+00
5.001454427838325500e-02 9.999650120735168457e-01
5.002837255597114563e-02 9.999810457229614258e-01
4.041631473228335381e-04 6.282825469970703125e+00
4.040701896883547306e-04 6.282981872558593750e+00
3.150033264160156250e+02 1.344302612304687500e+03
-1.136432215571403503e-01 2.271937876939773560e-01
5.453831195831298828e+00 5.653782367706298828e+00
3.282297111582010984e-04 3.141448974609375000e+00
-4.846969153732061386e-03 5.259921774268150330e-03
