3.402839899063110352e-01 9.999570846557617188e-01
2.855617904663085938e+01 3.579487228393554688e+01
1.267403364181518555e-02 1.367117047309875488e+00
1.014974317513406277e-03 6.282517910003662109e+00
2.056102082133293152e-02 3.129369497299194336e+00
1.820920221507549286e-02 3.125629663467407227e+00
5.005133152008056641e-02 9.999300241470336914e-01
5.003960058093070984e-02 9.999443292617797852e-01
6.765662692487239838e-04 6.282546043395996094e+00
5.574428359977900982e-04 6.282903194427490234e+00
3.844180908203125000e+02 1.297167846679687500e+03
-8.652136474847793579e-02 2.100946158170700073e-01
5.470436573028564453e+00 5.641009330749511719e+00
4.521814989857375622e-04 3.141405105590820312e+00
-3.761857515200972557e-03 3.907016478478908539e-03
