3.402765393257141113e-01 9.999746084213256836e-01
2.846610641479492188e+01 3.583578491210937500e+01
9.415164589881896973e-03 1.417058467864990234e+00
5.761531647294759750e-04 6.282546520233154297e+00
1.799934357404708862e-02 3.130323648452758789e+00
1.467201486229896545e-02 3.127639532089233398e+00
5.003269016742706299e-02 9.999544024467468262e-01
5.003214254975318909e-02 9.999775290489196777e-01
5.300249904394149780e-04 6.282787322998046875e+00
4.299172142054885626e-04 6.282955646514892578e+00
3.732817993164062500e+02 1.315043701171875000e+03
-1.136385202407836914e-01 2.171827405691146851e-01
5.454137325286865234e+00 5.651410579681396484e+00
3.536680014804005623e-04 3.141443967819213867e+00
-4.243151284754276276e-03 4.163919482380151749e-03
