1.250020414590835571e-01 9.999995231628417969e-01
2.500051879882812500e+01 4.427710723876953125e+01
6.812687497586011887e-03 3.132192850112915039e+00
1.553312358737457544e-05 6.282862663269042969e+00
3.986258991062641144e-03 3.138957738876342773e+00
5.121473688632249832e-03 3.140135288238525391e+00
5.000227689743041992e-02 9.999993443489074707e-01
5.000189691781997681e-02 9.999936819076538086e-01
1.679374108789488673e-04 6.282921314239501953e+00
1.115258201025426388e-04 6.283113002777099609e+00
1.015012207031250000e+02 1.499999877929687500e+03
-9.030888676643371582e-01 8.210731148719787598e-01
1.605316792847588658e-04 6.283088207244873047e+00
5.306733510224148631e-05 3.141584873199462891e+00
-2.277006022632122040e-02 2.140304632484912872e-02
