3.402774631977081299e-01 9.999623894691467285e-01
2.851722526550292969e+01 3.583576583862304688e+01
1.039802655577659607e-02 1.367126941680908203e+00
7.571491878479719162e-04 6.282539367675781250e+00
1.939846947789192200e-02 3.129501342773437500e+00
1.572459191083908081e-02 3.126388072967529297e+00
5.003852397203445435e-02 9.999384284019470215e-01
5.003497749567031860e-02 9.999753236770629883e-01
6.514925626106560230e-04 6.282786369323730469e+00
5.564398597925901413e-04 6.282943248748779297e+00
3.844134216308593750e+02 1.297168701171875000e+03
-8.652314543724060059e-02 2.100977897644042969e-01
5.466819286346435547e+00 5.641012668609619141e+00
4.159514792263507843e-04 3.141435623168945312e+00
-3.899742849171161652e-03 3.907061181962490082e-03
