2.639260292053222656e-01 9.999853968620300293e-01
2.740773200988769531e+01 3.687605285644531250e+01
1.351817604154348373e-02 1.466794967651367188e+00
5.785293178632855415e-04 6.283104419708251953e+00
1.623718813061714172e-02 3.132411718368530273e+00
1.489991974085569382e-02 3.129753589630126953e+00
5.001176521182060242e-02 9.999612569808959961e-01
5.001184344291687012e-02 9.999822378158569336e-01
1.303684839513152838e-04 6.282953739166259766e+00
1.034975139191374183e-04 6.283046245574951172e+00
1.879853973388671875e+02 1.251877929687500000e+03
-1.552355885505676270e-01 2.066587209701538086e-01
5.431517124176025391e+00 5.689640522003173828e+00
8.243424963438883424e-05 3.141426563262939453e+00
-6.396591663360595703e-03 4.115895833820104599e-03
