3.083270192146301270e-01 9.999847412109375000e-01
2.858056449890136719e+01 3.498426818847656250e+01
1.365372911095619202e-02 1.293246746063232422e+00
6.145472871139645576e-04 6.282989501953125000e+00
1.766717247664928436e-02 3.132030963897705078e+00
1.618767715990543365e-02 3.129247188568115234e+00
5.001196265220642090e-02 9.999579787254333496e-01
5.003780871629714966e-02 9.999712705612182617e-01
1.314062974415719509e-04 6.282670974731445312e+00
1.106722993426956236e-04 6.282985210418701172e+00
3.498503417968750000e+02 1.251875732421875000e+03
-8.283814787864685059e-02 1.846382170915603638e-01
5.476736545562744141e+00 5.628414630889892578e+00
1.323153701378032565e-04 3.141412973403930664e+00
-4.543337039649486542e-03 3.145606024190783501e-03
