1.843055784702301025e-01 9.999970197677612305e-01
2.500036430358886719e+01 4.358026885986328125e+01
4.084637854248285294e-03 3.133097887039184570e+00
2.059805410681292415e-04 6.283161640167236328e+00
1.193245127797126770e-02 3.133884668350219727e+00
7.363829761743545532e-03 3.138487100601196289e+00
5.000701546669006348e-02 9.999996423721313477e-01
5.000121891498565674e-02 9.999953508377075195e-01
8.756664465181529522e-05 6.283080101013183594e+00
1.062534829543437809e-05 6.283143043518066406e+00
1.005723953247070312e+02 1.499983520507812500e+03
-9.312165975570678711e-01 1.479938983917236328e+00
1.413748832419514656e-04 6.283165931701660156e+00
2.668525121407583356e-05 3.141573190689086914e+00
-2.346793748438358307e-02 2.463100664317607880e-02
