3.284655809402465820e-01 9.999792575836181641e-01
2.913526725769042969e+01 3.478454971313476562e+01
1.474361401051282883e-02 1.207433104515075684e+00
7.842539926059544086e-04 6.282837390899658203e+00
2.206910587847232819e-02 3.127358436584472656e+00
1.959306746721267700e-02 3.125246524810791016e+00
5.004994943737983704e-02 9.999424815177917480e-01
5.005440115928649902e-02 9.999667406082153320e-01
3.235463518649339676e-04 6.282536029815673828e+00
6.429098430089652538e-04 6.282759666442871094e+00
4.168803405761718750e+02 1.132140014648437500e+03
-6.756452471017837524e-02 1.584229171276092529e-01
5.484200477600097656e+00 5.624291896820068359e+00
1.452928554499521852e-04 3.141271591186523438e+00
-3.979878500103950500e-03 2.120921621099114418e-03
