1.989579200744628906e-01 9.999924898147583008e-01
2.500039100646972656e+01 4.027727508544921875e+01
1.126590184867382050e-02 1.840452432632446289e+00
4.766920465044677258e-04 6.283115386962890625e+00
1.569432765245437622e-02 3.133696794509887695e+00
1.439891848713159561e-02 3.133326292037963867e+00
5.000758543610572815e-02 9.999662041664123535e-01
5.000392347574234009e-02 9.999865293502807617e-01
1.114568949560634792e-04 6.283002376556396484e+00
2.053737807727884501e-05 6.283118724822998047e+00
1.015236968994140625e+02 1.499979248046875000e+03
-5.383926630020141602e-01 7.104018926620483398e-01
4.988127708435058594e+00 6.127055168151855469e+00
7.556925265816971660e-05 3.141535758972167969e+00
-1.767256297171115875e-02 8.582679554820060730e-03
