3.316405713558197021e-01 9.999702572822570801e-01
2.913531112670898438e+01 3.478433990478515625e+01
1.483769435435533524e-02 1.200636029243469238e+00
9.532475960440933704e-04 6.282660961151123047e+00
2.502369508147239685e-02 3.124220371246337891e+00
1.959640160202980042e-02 3.124046802520751953e+00
5.005072802305221558e-02 9.999420046806335449e-01
5.006625130772590637e-02 9.999572038650512695e-01
4.851219418924301863e-04 6.282497406005859375e+00
6.476546404883265495e-04 6.282752037048339844e+00
4.169437561035156250e+02 1.132135375976562500e+03
-6.756412237882614136e-02 1.584161221981048584e-01
5.484200954437255859e+00 5.623433589935302734e+00
1.716821279842406511e-04 3.141267538070678711e+00
-3.979877568781375885e-03 2.120857127010822296e-03
