3.083303868770599365e-01 9.999823570251464844e-01
2.861539268493652344e+01 3.478458786010742188e+01
1.417632214725017548e-02 1.240574002265930176e+00
6.669671274721622467e-04 6.282988071441650391e+00
1.799120381474494934e-02 3.129804849624633789e+00
1.731403172016143799e-02 3.128825426101684570e+00
5.001591518521308899e-02 9.999557137489318848e-01
5.004400387406349182e-02 9.999696016311645508e-01
1.604273857083171606e-04 6.282659530639648438e+00
3.240079968236386776e-04 6.282882213592529297e+00
4.103806762695312500e+02 1.156829589843750000e+03
-7.540401816368103027e-02 1.711014211177825928e-01
5.477908134460449219e+00 5.628413677215576172e+00
1.336626883130520582e-04 3.141346693038940430e+00
-4.543323535472154617e-03 2.144444733858108521e-03
