3.220413029193878174e-01 9.999800920486450195e-01
2.913511657714843750e+01 3.478458786010742188e+01
1.470422372221946716e-02 1.207440257072448730e+00
6.710406159982085228e-04 6.282952308654785156e+00
2.078041806817054749e-02 3.128165483474731445e+00
1.753006130456924438e-02 3.125577688217163086e+00
5.001898109912872314e-02 9.999490976333618164e-01
5.005104467272758484e-02 9.999673366546630859e-01
2.490986662451177835e-04 6.282576084136962891e+00
4.570856399368494749e-04 6.282817840576171875e+00
4.104061584472656250e+02 1.156825439453125000e+03
-7.540243119001388550e-02 1.685574799776077271e-01
5.477908134460449219e+00 5.625513553619384766e+00
1.396072184434160590e-04 3.141332149505615234e+00
-4.235478118062019348e-03 2.144428202882409096e-03
