2.925880551338195801e-01 9.999563097953796387e-01
2.868231773376464844e+01 3.565288162231445312e+01
9.758499450981616974e-03 1.315451860427856445e+00
2.334458986297249794e-04 6.283092021942138672e+00
1.332769263535737991e-02 3.124247550964355469e+00
1.166871003806591034e-02 3.121256589889526367e+00
5.002954974770545959e-02 9.999867677688598633e-01
5.002049729228019714e-02 9.999620914459228516e-01
3.032635722775012255e-04 6.282587051391601562e+00
2.586851478554308414e-04 6.282625675201416016e+00
3.734848022460937500e+02 1.338360595703125000e+03
-1.107709631323814392e-01 2.133139371871948242e-01
5.444375991821289062e+00 5.634468078613281250e+00
1.614783686818554997e-04 3.141488313674926758e+00
-5.194950848817825317e-03 3.147902898490428925e-03
