2.987089455127716064e-01 9.999431967735290527e-01
2.868251800537109375e+01 3.458147811889648438e+01
1.189695578068494797e-02 1.315436363220214844e+00
5.773229640908539295e-04 6.282982826232910156e+00
1.675286516547203064e-02 3.121170282363891602e+00
1.756268925964832306e-02 3.119709014892578125e+00
5.006502568721771240e-02 9.999651908874511719e-01
5.005792900919914246e-02 9.999441504478454590e-01
4.329433140810579062e-04 6.282201766967773438e+00
4.509862628765404224e-04 6.282518386840820312e+00
3.735576477050781250e+02 1.248431396484375000e+03
-9.552643448114395142e-02 2.118735164403915405e-01
5.452869892120361328e+00 5.632759571075439453e+00
2.279468899359926581e-04 3.141410589218139648e+00
-4.867420531809329987e-03 2.997699193656444550e-03
