2.803821265697479248e-01 9.999618530273437500e-01
2.776751899719238281e+01 3.660184478759765625e+01
7.771492470055818558e-03 1.315463304519653320e+00
8.425470878137275577e-05 6.283150672912597656e+00
9.189479053020477295e-03 3.130996227264404297e+00
4.640385508537292480e-03 3.128054141998291016e+00
5.001606047153472900e-02 9.999887347221374512e-01
5.001124367117881775e-02 9.999963045120239258e-01
1.046913093887269497e-04 6.283103942871093750e+00
1.997514045797288418e-04 6.282995700836181641e+00
3.684909973144531250e+02 1.399947998046875000e+03
-1.679315567016601562e-01 2.133287638425827026e-01
5.408413410186767578e+00 5.660029411315917969e+00
3.296398426755331457e-05 3.141559362411499023e+00
-5.780130159109830856e-03 4.617712926119565964e-03
