2.803870141506195068e-01 9.999582171440124512e-01
2.847695732116699219e+01 3.632052230834960938e+01
8.440645411610603333e-03 1.315463304519653320e+00
9.158627653960138559e-05 6.283146381378173828e+00
9.525430388748645782e-03 3.127097606658935547e+00
7.895766757428646088e-03 3.126516580581665039e+00
5.001974850893020630e-02 9.999883174896240234e-01
5.001159012317657471e-02 9.999962449073791504e-01
1.887877006083726883e-04 6.283020496368408203e+00
2.220451278844848275e-04 6.282974243164062500e+00
3.684993286132812500e+02 1.399938720703125000e+03
-1.425035595893859863e-01 2.133241295814514160e-01
5.437033653259277344e+00 5.653624534606933594e+00
6.733078043907880783e-05 3.141550779342651367e+00
-5.357676651328802109e-03 4.154403693974018097e-03
