2.986972928047180176e-01 9.999475479125976562e-01
2.868245506286621094e+01 3.458147811889648438e+01
1.102094259113073349e-02 1.315443634986877441e+00
4.326579801272600889e-04 6.283020019531250000e+00
1.646506227552890778e-02 3.122715711593627930e+00
1.510388776659965515e-02 3.120105504989624023e+00
5.006437376141548157e-02 9.999712705612182617e-01
5.004389584064483643e-02 9.999535083770751953e-01
3.660648071672767401e-04 6.282205581665039062e+00
4.364664200693368912e-04 6.282560348510742188e+00
3.735374145507812500e+02 1.248437255859375000e+03
-9.552778303623199463e-02 2.118737846612930298e-01
5.452869415283203125e+00 5.632762908935546875e+00
1.674087106948718429e-04 3.141435146331787109e+00
-4.973518196493387222e-03 2.997782314196228981e-03
