2.986830174922943115e-01 9.999476671218872070e-01
2.868241882324218750e+01 3.458150863647460938e+01
9.811413474380970001e-03 1.315451622009277344e+00
2.988325722981244326e-04 6.283064842224121094e+00
1.606627926230430603e-02 3.123557567596435547e+00
1.262390799820423126e-02 3.121059656143188477e+00
5.003154650330543518e-02 9.999811649322509766e-01
5.004112422466278076e-02 9.999571442604064941e-01
3.501363971736282110e-04 6.282550334930419922e+00
3.624829405453056097e-04 6.282607555389404297e+00
3.735148315429687500e+02 1.248444091796875000e+03
-9.553168714046478271e-02 2.118781208992004395e-01
5.452868461608886719e+00 5.632763385772705078e+00
1.626385492272675037e-04 3.141481876373291016e+00
-5.046770907938480377e-03 2.997801173478364944e-03
