2.803955674171447754e-01 9.999580383300781250e-01
2.847698593139648438e+01 3.565332031250000000e+01
8.721644990146160126e-03 1.315452337265014648e+00
1.866291131591424346e-04 6.283127784729003906e+00
1.199780683964490891e-02 3.126668214797973633e+00
8.118371479213237762e-03 3.124119281768798828e+00
5.002674460411071777e-02 9.999868869781494141e-01
5.002000927925109863e-02 9.999833106994628906e-01
2.654450072441250086e-04 6.282869815826416016e+00
2.487349847797304392e-04 6.282940387725830078e+00
3.685424499511718750e+02 1.338361572265625000e+03
-1.144756749272346497e-01 2.133217155933380127e-01
5.444375991821289062e+00 5.639636039733886719e+00
7.535667828051373363e-05 3.141494274139404297e+00
-5.194954108446836472e-03 3.767675952985882759e-03
