1.250012367963790894e-01 9.999898076057434082e-01
2.500047683715820312e+01 4.342513656616210938e+01
5.512033589184284210e-03 2.083231210708618164e+00
4.104827166884206235e-05 6.283175468444824219e+00
6.890761200338602066e-03 3.132678031921386719e+00
2.726021222770214081e-03 3.134040117263793945e+00
5.000953376293182373e-02 9.999910593032836914e-01
5.000752210617065430e-02 9.999986290931701660e-01
8.404107211390510201e-05 6.283171653747558594e+00
1.575560163473710418e-04 6.283072948455810547e+00
1.002899703979492188e+02 1.499999145507812500e+03
-3.899947702884674072e-01 5.810469985008239746e-01
4.963352680206298828e+00 6.283133983612060547e+00
8.129449270199984312e-06 3.141582250595092773e+00
-2.323335409164428711e-02 1.118638180196285248e-02
