1.756458580493927002e-01 9.999821782112121582e-01
2.500193786621093750e+01 3.884138488769531250e+01
6.175108253955841064e-03 1.614123106002807617e+00
2.835362101905047894e-04 6.283045768737792969e+00
1.386721525341272354e-02 3.137083053588867188e+00
4.994967952370643616e-03 3.132851362228393555e+00
5.001247674226760864e-02 9.999808073043823242e-01
5.001462250947952271e-02 9.999959468841552734e-01
1.995291677303612232e-04 6.283006668090820312e+00
1.122504254453815520e-04 6.283142566680908203e+00
1.006533050537109375e+02 1.486903198242187500e+03
-1.881154328584671021e-01 2.897586822509765625e-01
5.434741020202636719e+00 5.667089939117431641e+00
5.807791603729128838e-05 3.141481637954711914e+00
-8.453531190752983093e-03 6.608227267861366272e-03
