2.226843833923339844e-01 9.999712109565734863e-01
2.784229087829589844e+01 3.832323074340820312e+01
6.926639471203088760e-03 1.437725782394409180e+00
3.331051848363131285e-04 6.283034324645996094e+00
1.875010132789611816e-02 3.132975101470947266e+00
1.221993006765842438e-02 3.128379344940185547e+00
5.001676827669143677e-02 9.999716877937316895e-01
5.002173408865928650e-02 9.999877810478210449e-01
2.154459361918270588e-04 6.283001899719238281e+00
1.193425341625697911e-04 6.283084869384765625e+00
2.892485351562500000e+02 1.390087890625000000e+03
-1.253270059823989868e-01 2.299027442932128906e-01
5.452291488647460938e+00 5.667088031768798828e+00
6.228464189916849136e-05 3.141474723815917969e+00
-4.675348289310932159e-03 5.733743309974670410e-03
