2.514967322349548340e-01 9.999691843986511230e-01
2.784233665466308594e+01 3.691217041015625000e+01
8.481134660542011261e-03 1.437720537185668945e+00
3.939983726013451815e-04 6.283028602600097656e+00
2.182271331548690796e-02 3.131046533584594727e+00
1.257144287228584290e-02 3.126591444015502930e+00
5.002126097679138184e-02 9.999420046806335449e-01
5.002566054463386536e-02 9.999838471412658691e-01
2.274341968586668372e-04 6.282936096191406250e+00
1.874385488918051124e-04 6.282975673675537109e+00
3.360543212890625000e+02 1.341927001953125000e+03
-1.170978844165802002e-01 2.223358154296875000e-01
5.452291488647460938e+00 5.659649372100830078e+00
9.646692342357710004e-05 3.141470670700073242e+00
-4.675283562391996384e-03 5.133772268891334534e-03
