2.515077590942382812e-01 9.999600052833557129e-01
2.877106094360351562e+01 3.667541503906250000e+01
1.048524770885705948e-02 1.332524418830871582e+00
4.699582932516932487e-04 6.282964229583740234e+00
2.241661213338375092e-02 3.128113746643066406e+00
1.637311652302742004e-02 3.124736547470092773e+00
5.003861710429191589e-02 9.999169111251831055e-01
5.002961680293083191e-02 9.999731779098510742e-01
2.478602400515228510e-04 6.282736778259277344e+00
2.923526044469326735e-04 6.282873153686523438e+00
3.446583251953125000e+02 1.253970092773437500e+03
-8.275464177131652832e-02 2.223272323608398438e-01
5.472489833831787109e+00 5.644953250885009766e+00
1.302962773479521275e-04 3.141255855560302734e+00
-4.674984142184257507e-03 3.988918848335742950e-03
