1.255214065313339233e-01 9.999949336051940918e-01
2.500130653381347656e+01 4.456481933593750000e+01
5.952280480414628983e-03 3.138453006744384766e+00
2.613248943816870451e-04 6.283130645751953125e+00
5.491673015058040619e-03 3.139978647232055664e+00
3.149515017867088318e-03 3.133100986480712891e+00
5.000098794698715210e-02 9.999998211860656738e-01
5.000168830156326294e-02 9.999983906745910645e-01
1.671503414399921894e-04 6.283081531524658203e+00
4.703998274635523558e-05 6.283144474029541016e+00
1.003407211303710938e+02 1.499994140625000000e+03
-2.194019258022308350e-01 3.474960923194885254e-01
5.003748416900634766e+00 6.283143043518066406e+00
4.231980256008682773e-06 3.141584396362304688e+00
-1.886769384145736694e-02 1.542143337428569794e-02
