2.656487524509429932e-01 9.999557137489318848e-01
2.877127456665039062e+01 3.667538833618164062e+01
1.249798387289047241e-02 1.332522869110107422e+00
4.957482451573014259e-04 6.282942771911621094e+00
2.260093390941619873e-02 3.127927064895629883e+00
2.093469165265560150e-02 3.123485088348388672e+00
5.005368962883949280e-02 9.998773932456970215e-01
5.002972483634948730e-02 9.999532699584960938e-01
3.239376528654247522e-04 6.282730102539062500e+00
3.266073472332209349e-04 6.282824516296386719e+00
3.446794738769531250e+02 1.253961914062500000e+03
-8.275350183248519897e-02 2.008185088634490967e-01
5.472490310668945312e+00 5.644951820373535156e+00
1.535130722913891077e-04 3.141249656677246094e+00
-4.674972500652074814e-03 3.988887183368206024e-03
