2.662546634674072266e-01 9.999495148658752441e-01
2.877136993408203125e+01 3.630947113037109375e+01
1.273642480373382568e-02 1.332512497901916504e+00
6.717901560477912426e-04 6.282941818237304688e+00
2.261764369904994965e-02 3.127347469329833984e+00
2.102211117744445801e-02 3.122790098190307617e+00
5.006842315196990967e-02 9.998750090599060059e-01
5.004871264100074768e-02 9.999440908432006836e-01
3.670070436783134937e-04 6.282556056976318359e+00
3.323671699035912752e-04 6.282814025878906250e+00
3.446863403320312500e+02 1.253958496093750000e+03
-8.275000751018524170e-02 2.008150666952133179e-01
5.472490787506103516e+00 5.644218921661376953e+00
1.944878313224762678e-04 3.141235113143920898e+00
-4.674889612942934036e-03 3.365117125213146210e-03
