2.515069246292114258e-01 9.999667406082153320e-01
2.824031448364257812e+01 3.667551422119140625e+01
1.030570082366466522e-02 1.332545042037963867e+00
4.087696725036948919e-04 6.282975673675537109e+00
2.205181308090686798e-02 3.129827499389648438e+00
1.462753117084503174e-02 3.124936819076538086e+00
5.002482607960700989e-02 9.999340176582336426e-01
5.002741143107414246e-02 9.999791979789733887e-01
2.401211240794509649e-04 6.282773017883300781e+00
2.059277321677654982e-04 6.282888412475585938e+00
3.445828857421875000e+02 1.264279785156250000e+03
-1.040072664618492126e-01 2.223325073719024658e-01
5.470899105072021484e+00 5.659648418426513672e+00
1.032001164276152849e-04 3.141462326049804688e+00
-4.675112199038267136e-03 4.010568372905254364e-03
