2.400926649570465088e-01 9.999654293060302734e-01
2.611284637451171875e+01 3.942375564575195312e+01
7.460309658199548721e-03 2.131326675415039062e+00
1.447718823328614235e-04 6.283092021942138672e+00
1.348356902599334717e-02 3.132611989974975586e+00
1.167207863181829453e-02 3.126576185226440430e+00
5.002057552337646484e-02 9.999687075614929199e-01
5.003091692924499512e-02 9.999560117721557617e-01
1.940649526659399271e-04 6.282949924468994141e+00
1.933797320816665888e-04 6.283019542694091797e+00
1.008553543090820312e+02 1.499991333007812500e+03
-3.661819398403167725e-01 4.349357783794403076e-01
4.943680286407470703e+00 6.059957504272460938e+00
5.070350380265153944e-05 3.141428709030151367e+00
-1.293532829731702805e-02 1.126406341791152954e-02
