3.032282292842864990e-01 9.999591708183288574e-01
2.828345489501953125e+01 3.649673843383789062e+01
1.118330843746662140e-02 1.351800560951232910e+00
2.826502604875713587e-04 6.283002376556396484e+00
1.380206365138292313e-02 3.127892971038818359e+00
1.651050522923469543e-02 3.125934839248657227e+00
5.004576966166496277e-02 9.999545812606811523e-01
5.003729835152626038e-02 9.999407529830932617e-01
2.361872757319360971e-04 6.282779693603515625e+00
2.284079091623425484e-04 6.282976627349853516e+00
2.817093200683593750e+02 1.294140136718750000e+03
-8.492238074541091919e-02 2.137167602777481079e-01
5.476310253143310547e+00 5.661823272705078125e+00
9.390694322064518929e-05 3.141398906707763672e+00
-3.850043285638093948e-03 3.307021688669919968e-03
