3.737366795539855957e-01 9.999466538429260254e-01
2.828370857238769531e+01 3.521390151977539062e+01
1.194489467889070511e-02 1.351764082908630371e+00
4.349428345449268818e-04 6.282859325408935547e+00
2.050835639238357544e-02 3.126938581466674805e+00
1.857715286314487457e-02 3.125088214874267578e+00
5.005520954728126526e-02 9.999537467956542969e-01
5.004570260643959045e-02 9.999327063560485840e-01
2.426658320473507047e-04 6.282674789428710938e+00
4.553788749035447836e-04 5.321541309356689453e+00
3.166180114746093750e+02 1.234230102539062500e+03
-8.112671971321105957e-02 1.964974105358123779e-01
5.493970394134521484e+00 5.661820888519287109e+00
1.096710402634926140e-04 3.141375064849853516e+00
-3.553461749106645584e-03 3.306613769382238388e-03
