1.489000767469406128e-01 9.999998211860656738e-01
2.500009536743164062e+01 4.186011505126953125e+01
5.436345003545284271e-03 3.132685184478759766e+00
4.486648685997352004e-05 6.283147335052490234e+00
9.281468577682971954e-03 3.136978626251220703e+00
7.591096218675374985e-03 3.136911153793334961e+00
5.000168085098266602e-02 9.999905228614807129e-01
5.000714212656021118e-02 9.999861121177673340e-01
7.550804730271920562e-05 6.283132553100585938e+00
1.371725375065580010e-04 6.283170700073242188e+00
1.002229995727539062e+02 1.499997558593750000e+03
-5.935397744178771973e-01 1.560641050338745117e+00
6.659023347310721874e-05 6.283051967620849609e+00
3.288044172222726047e-05 3.141589164733886719e+00
-2.143679372966289520e-02 2.164650335907936096e-02
