3.737358152866363525e-01 9.999470710754394531e-01
2.828359794616699219e+01 3.521398162841796875e+01
1.164675038307905197e-02 1.351781606674194336e+00
3.466342750471085310e-04 6.282863616943359375e+00
1.885873451828956604e-02 3.127123117446899414e+00
1.796104758977890015e-02 3.125479698181152344e+00
5.004945769906044006e-02 9.999543428421020508e-01
5.004499852657318115e-02 9.999392628669738770e-01
2.373872557654976845e-04 6.282708168029785156e+00
3.718105144798755646e-04 6.282881259918212891e+00
2.817324523925781250e+02 1.279354614257812500e+03
-8.112917095422744751e-02 1.965028941631317139e-01
5.493969917297363281e+00 5.661822795867919922e+00
9.636938921175897121e-05 3.141384124755859375e+00
-3.849958302453160286e-03 3.306734142825007439e-03
