2.400895953178405762e-01 9.999996423721313477e-01
2.611279678344726562e+01 3.942375564575195312e+01
5.684609059244394302e-03 2.620540618896484375e+00
8.672937838127836585e-05 6.283093452453613281e+00
1.237698178738355637e-02 3.133493185043334961e+00
9.738406166434288025e-03 3.134825468063354492e+00
5.000868067145347595e-02 9.999873638153076172e-01
5.002538487315177917e-02 9.999719858169555664e-01
1.317480491707101464e-04 6.282957077026367188e+00
1.785287895472720265e-04 6.283092021942138672e+00
1.002411651611328125e+02 1.499996948242187500e+03
-5.432513356208801270e-01 4.349406957626342773e-01
6.873253732919692993e-05 6.283048152923583984e+00
4.679087578551843762e-05 3.141537666320800781e+00
-2.143629454076290131e-02 1.126408390700817108e-02
