3.032100200653076172e-01 9.999610185623168945e-01
2.721325492858886719e+01 3.710671997070312500e+01
1.069998648017644882e-02 1.469343304634094238e+00
2.003535919357091188e-04 6.283020496368408203e+00
1.357709150761365891e-02 3.128867626190185547e+00
1.638926751911640167e-02 3.126310348510742188e+00
5.002116784453392029e-02 9.999566078186035156e-01
5.003661289811134338e-02 9.999461174011230469e-01
1.997951330849900842e-04 6.282830715179443359e+00
2.256926090922206640e-04 6.282981872558593750e+00
2.816690673828125000e+02 1.333800781250000000e+03
-8.492363989353179932e-02 2.137188464403152466e-01
5.467142105102539062e+00 5.665616512298583984e+00
7.666379678994417191e-05 3.141413450241088867e+00
-3.850126173347234726e-03 5.280832760035991669e-03
