3.737383484840393066e-01 9.999446868896484375e-01
2.876231193542480469e+01 3.521382522583007812e+01
1.220169570297002792e-02 1.319837689399719238e+00
4.507662961259484291e-04 6.282803058624267578e+00
2.111686952412128448e-02 3.126780748367309570e+00
1.960972324013710022e-02 3.123903036117553711e+00
5.007684603333473206e-02 9.999457597732543945e-01
5.004818737506866455e-02 9.999254941940307617e-01
2.487958990968763828e-04 6.282645702362060547e+00
5.983908195048570633e-04 4.427352905273437500e+00
3.677640686035156250e+02 1.234219848632812500e+03
-7.036494463682174683e-02 1.964962482452392578e-01
5.497218132019042969e+00 5.656307697296142578e+00
1.221842248924076557e-04 3.141351699829101562e+00
-3.504673717543482780e-03 3.306605387479066849e-03
