1.250099688768386841e-01 9.999949932098388672e-01
2.500087928771972656e+01 4.522072601318359375e+01
1.102804392576217651e-02 2.455990552902221680e+00
3.739839655736432178e-07 6.283136844635009766e+00
6.994769908487796783e-03 3.138116121292114258e+00
6.059940904378890991e-03 3.134526491165161133e+00
5.002359300851821899e-02 9.999906420707702637e-01
5.000322312116622925e-02 9.999957680702209473e-01
4.879300831817090511e-05 6.283104419708251953e+00
2.995236718561500311e-05 6.283046722412109375e+00
1.001659088134765625e+02 1.499987915039062500e+03
-7.383264303207397461e-01 1.237015485763549805e+00
4.752378940582275391e+00 6.283100605010986328e+00
1.282747598452260718e-05 3.141528129577636719e+00
-2.569114603102207184e-02 1.848997920751571655e-02
