3.382520675659179688e-01 9.999836087226867676e-01
2.901977539062500000e+01 3.672252655029296875e+01
1.175813097506761551e-02 1.348000168800354004e+00
1.561356184538453817e-04 6.283070564270019531e+00
8.531495928764343262e-03 3.132000207901000977e+00
9.646131657063961029e-03 3.127707242965698242e+00
5.005487427115440369e-02 9.999841451644897461e-01
5.001562088727951050e-02 9.999515414237976074e-01
1.564850535942241549e-04 6.283017158508300781e+00
2.352574956603348255e-04 6.282830715179443359e+00
2.566166076660156250e+02 1.417192382812500000e+03
-1.456598639488220215e-01 1.811814755201339722e-01
5.453801631927490234e+00 5.645147800445556641e+00
6.049605872249230742e-05 3.141479492187500000e+00
-4.937038291245698929e-03 3.618406364694237709e-03
