3.382775783538818359e-01 9.999676346778869629e-01
2.942876815795898438e+01 3.581138229370117188e+01
1.289606560021638870e-02 1.239064812660217285e+00
2.674495335668325424e-04 6.282843589782714844e+00
1.068965718150138855e-02 3.122620820999145508e+00
1.201811898499727249e-02 3.124663829803466797e+00
5.007528513669967651e-02 9.999563694000244141e-01
5.004627630114555359e-02 9.999325871467590332e-01
2.822476963046938181e-04 6.282697200775146484e+00
6.100597092881798744e-04 6.282675266265869141e+00
4.283522644042968750e+02 1.306789184570312500e+03
-1.099343225359916687e-01 1.678149104118347168e-01
5.463557720184326172e+00 5.615264892578125000e+00
1.290254149353131652e-04 3.141444206237792969e+00
-4.346064291894435883e-03 2.649747766554355621e-03
