3.382458388805389404e-01 9.999918937683105469e-01
2.662676429748535156e+01 3.801780700683593750e+01
1.161488611251115799e-02 1.348000168800354004e+00
1.494088646722957492e-04 6.283091068267822266e+00
7.870594970881938934e-03 3.136528730392456055e+00
8.054861798882484436e-03 3.132402181625366211e+00
5.005056038498878479e-02 9.999881386756896973e-01
5.001031607389450073e-02 9.999748468399047852e-01
8.395229815505445004e-05 6.283063888549804688e+00
1.397015876136720181e-04 6.283041000366210938e+00
2.138917083740234375e+02 1.499985229492187500e+03
-1.971434354782104492e-01 2.337361872196197510e-01
5.392644882202148438e+00 5.665163516998291016e+00
2.471492916811257601e-05 3.141498088836669922e+00
-6.015363149344921112e-03 4.709544125944375992e-03
