3.382768929004669189e-01 9.999712705612182617e-01
2.940180397033691406e+01 3.581143951416015625e+01
1.228741370141506195e-02 1.296735882759094238e+00
2.121055294992402196e-04 6.282936573028564453e+00
9.566191583871841431e-03 3.130805969238281250e+00
1.167186722159385681e-02 3.125316143035888672e+00
5.007076635956764221e-02 9.999693632125854492e-01
5.002773180603981018e-02 9.999372959136962891e-01
1.811638940125703812e-04 6.282827377319335938e+00
2.864772395696491003e-04 6.282729148864746094e+00
4.283344726562500000e+02 1.385669921875000000e+03
-1.099384129047393799e-01 1.734799891710281372e-01
5.460772037506103516e+00 5.617913722991943359e+00
7.301266305148601532e-05 3.141467332839965820e+00
-4.346076864749193192e-03 3.289145650342106819e-03
