3.382562100887298584e-01 9.999822974205017090e-01
2.940177536010742188e+01 3.581147766113281250e+01
1.225390564650297165e-02 1.296746969223022461e+00
1.587409060448408127e-04 6.283062458038330078e+00
9.434241801500320435e-03 3.130987405776977539e+00
1.086556259542703629e-02 3.126928091049194336e+00
5.005917325615882874e-02 9.999715685844421387e-01
5.001720041036605835e-02 9.999470114707946777e-01
1.617963862372562289e-04 6.282945156097412109e+00
2.717440947890281677e-04 6.282744884490966797e+00
3.454080810546875000e+02 1.385677612304687500e+03
-1.099398285150527954e-01 1.734803169965744019e-01
5.460768699645996094e+00 5.625210762023925781e+00
6.410861533368006349e-05 3.141470670700073242e+00
-4.346136003732681274e-03 3.449671203270554543e-03
