2.236840575933456421e-01 9.999623298645019531e-01
2.852849006652832031e+01 3.514948272705078125e+01
1.002325024455785751e-02 1.348569035530090332e+00
2.794907777570188046e-04 6.282814025878906250e+00
8.536958135664463043e-03 3.128187894821166992e+00
1.744969189167022705e-02 3.132215023040771484e+00
5.002295225858688354e-02 9.999932646751403809e-01
5.005910620093345642e-02 9.999434351921081543e-01
5.249193636700510979e-04 6.282812595367431641e+00
2.418338954448699951e-01 4.205787181854248047e+00
3.160216369628906250e+02 1.276392822265625000e+03
-1.033575981855392456e-01 1.910269856452941895e-01
5.471553325653076172e+00 5.648825645446777344e+00
5.934941509622149169e-05 3.141507148742675781e+00
-4.345863126218318939e-03 3.496513236314058304e-03
