2.938807010650634766e-01 9.999622106552124023e-01
2.852857589721679688e+01 3.514945983886718750e+01
1.039963774383068085e-02 1.348559379577636719e+00
4.968344583176076412e-04 6.282798767089843750e+00
1.118322834372520447e-02 3.126769542694091797e+00
1.797027699649333954e-02 3.128564357757568359e+00
5.004527419805526733e-02 9.999836683273315430e-01
5.006769672036170959e-02 9.999263286590576172e-01
5.546839674934744835e-04 6.282809257507324219e+00
2.419628053903579712e-01 4.205761432647705078e+00
3.160317993164062500e+02 1.217134643554687500e+03
-1.033563241362571716e-01 1.910235732793807983e-01
5.471554279327392578e+00 5.648825645446777344e+00
6.607876275666058064e-05 3.141503572463989258e+00
-4.345842171460390091e-03 2.938181860372424126e-03
