2.031528204679489136e-01 9.999877214431762695e-01
2.662786674499511719e+01 3.904555892944335938e+01
7.915318943560123444e-03 1.706207275390625000e+00
1.990351011045277119e-04 6.282898426055908203e+00
6.955715827643871307e-03 3.129201650619506836e+00
9.917893446981906891e-03 3.136206150054931641e+00
5.000226572155952454e-02 9.999996423721313477e-01
5.002012476325035095e-02 9.999595284461975098e-01
1.850135013228282332e-04 6.282905101776123047e+00
1.035758687066845596e-04 6.282967567443847656e+00
1.556086425781250000e+02 1.458227783203125000e+03
-2.513776123523712158e-01 4.120056331157684326e-01
5.299271106719970703e+00 5.944854736328125000e+00
7.377483598247636110e-06 3.141567945480346680e+00
-5.736375227570533752e-03 9.515756741166114807e-03
