1.250063329935073853e-01 9.999980330467224121e-01
2.500155830383300781e+01 4.532342147827148438e+01
1.654146239161491394e-03 3.134727239608764648e+00
1.959687797352671623e-04 6.283167362213134766e+00
4.362770821899175644e-03 3.137986660003662109e+00
9.038302116096019745e-03 3.139225244522094727e+00
5.000190809369087219e-02 9.999999403953552246e-01
5.000767484307289124e-02 9.999970793724060059e-01
1.992268880712799728e-05 6.282970428466796875e+00
7.901592471171170473e-05 6.283086299896240234e+00
1.003024139404296875e+02 1.499996826171875000e+03
-7.335583567619323730e-01 8.092423081398010254e-01
1.860108022810891271e-05 6.283175945281982422e+00
3.651781071312143467e-06 3.141574144363403320e+00
-2.514092251658439636e-02 2.221858315169811249e-02
