2.938821315765380859e-01 9.999467134475708008e-01
2.879401206970214844e+01 3.514942169189453125e+01
1.070290617644786835e-02 1.318480610847473145e+00
7.212513010017573833e-04 6.282736301422119141e+00
1.435142103582620621e-02 3.126413822174072266e+00
1.812097616493701935e-02 3.124761104583740234e+00
5.004657432436943054e-02 9.999713897705078125e-01
5.007000267505645752e-02 9.999122619628906250e-01
5.948976031504571438e-04 6.282752037048339844e+00
5.865260362625122070e-01 3.995105504989624023e+00
3.488987121582031250e+02 1.109435424804687500e+03
-9.680411219596862793e-02 1.910228282213211060e-01
5.475951194763183594e+00 5.648825168609619141e+00
9.142506314674392343e-05 3.141486644744873047e+00
-4.044427070766687393e-03 2.938175806775689125e-03
