2.095261812210083008e-01 9.999827146530151367e-01
2.852837944030761719e+01 3.605616760253906250e+01
9.321329183876514435e-03 1.408486604690551758e+00
2.092520298901945353e-04 6.282814979553222656e+00
7.495495956391096115e-03 3.128211259841918945e+00
1.425627339631319046e-02 3.132834911346435547e+00
5.000603199005126953e-02 9.999967217445373535e-01
5.005841329693794250e-02 9.999458789825439453e-01
4.853495338466018438e-04 6.282899379730224609e+00
2.146938350051641464e-04 6.282954216003417969e+00
1.556751556396484375e+02 1.311986938476562500e+03
-1.044326722621917725e-01 2.227508574724197388e-01
5.468381881713867188e+00 5.659415245056152344e+00
4.653322685044258833e-05 3.141515016555786133e+00
-4.812126047909259796e-03 4.213323350995779037e-03
