3.307096064090728760e-01 9.999430179595947266e-01
2.879419898986816406e+01 3.499763107299804688e+01
1.237850636243820190e-02 1.318476915359497070e+00
7.883962825872004032e-04 6.282671451568603516e+00
1.814863272011280060e-02 3.124711275100708008e+00
2.213973924517631531e-02 3.120437860488891602e+00
5.005374923348426819e-02 9.999604821205139160e-01
5.008374899625778198e-02 9.999024271965026855e-01
6.208117702044546604e-04 6.282615661621093750e+00
6.304927468299865723e-01 3.851194143295288086e+00
3.827716674804687500e+02 1.109432861328125000e+03
-7.885576784610748291e-02 1.910206675529479980e-01
5.475960254669189453e+00 5.646951675415039062e+00
1.279060961678624153e-04 3.141475439071655273e+00
-3.938568755984306335e-03 2.917513949796557426e-03
