2.938880920410156250e-01 9.999455213546752930e-01
2.879414749145507812e+01 3.514922714233398438e+01
1.209376100450754166e-02 1.318478107452392578e+00
7.560661761090159416e-04 6.282673835754394531e+00
1.557880826294422150e-02 3.125077247619628906e+00
2.009262144565582275e-02 3.122706413269042969e+00
5.004725232720375061e-02 9.999612569808959961e-01
5.007343739271163940e-02 9.999053478240966797e-01
6.016828701831400394e-04 6.282726287841796875e+00
5.865714550018310547e-01 3.995086669921875000e+00
3.489276428222656250e+02 1.109432983398437500e+03
-9.550327807664871216e-02 1.910220086574554443e-01
5.475955963134765625e+00 5.648824214935302734e+00
1.126066272263415158e-04 3.141475677490234375e+00
-4.044426139444112778e-03 2.938081743195652962e-03
