4.577361941337585449e-01 9.999903440475463867e-01
2.887003898620605469e+01 3.424081802368164062e+01
8.168895728886127472e-03 1.395478606224060059e+00
2.347869594814255834e-04 6.282997131347656250e+00
3.276136703789234161e-03 3.130893230438232422e+00
7.208561990410089493e-03 3.135392427444458008e+00
5.000144243240356445e-02 9.999757409095764160e-01
5.002797022461891174e-02 9.999799132347106934e-01
1.195542427012696862e-04 6.283101558685302734e+00
5.947290337644517422e-04 6.283112049102783203e+00
3.024273986816406250e+02 1.229033325195312500e+03
-1.357858180999755859e-01 2.001154422760009766e-01
5.444836616516113281e+00 5.626656055450439453e+00
8.657059515826404095e-05 3.141516923904418945e+00
-5.000196862965822220e-03 2.295135054737329483e-03
