4.577356278896331787e-01 9.999907016754150391e-01
2.623117256164550781e+01 3.782079696655273438e+01
3.664578776806592941e-03 1.520884871482849121e+00
6.751083856215700507e-05 6.283000469207763672e+00
1.158414524979889393e-03 3.137918949127197266e+00
5.253846757113933563e-03 3.135800361633300781e+00
5.000083893537521362e-02 9.999869465827941895e-01
5.000993236899375916e-02 9.999836683273315430e-01
1.671614336373750120e-05 6.283152103424072266e+00
1.643955038161948323e-04 6.283176898956298828e+00
1.980206146240234375e+02 1.285957397460937500e+03
-2.279490381479263306e-01 2.525136172771453857e-01
5.331212520599365234e+00 5.813648700714111328e+00
3.021134034497663379e-05 3.141542911529541016e+00
-8.225601166486740112e-03 6.557851564139127731e-03
