1.250176876783370972e-01 9.999986290931701660e-01
2.500159072875976562e+01 4.600745391845703125e+01
7.607164327055215836e-03 3.133646965026855469e+00
6.786691756133222952e-06 6.283141613006591797e+00
3.796373261138796806e-03 3.137201547622680664e+00
4.621114581823348999e-03 3.136909246444702148e+00
5.000749975442886353e-02 9.999843835830688477e-01
5.000329762697219849e-02 9.999984502792358398e-01
2.857925137504935265e-04 6.283070087432861328e+00
4.470360363484360278e-05 6.283156394958496094e+00
1.007904510498046875e+02 1.499982177734375000e+03
-6.453958153724670410e-01 1.440248250961303711e+00
4.686482906341552734e+00 6.283162117004394531e+00
2.331551695533562452e-05 3.141587734222412109e+00
-2.752256207168102264e-02 2.423541992902755737e-02
