3.466864824295043945e-01 9.999530911445617676e-01
2.930728340148925781e+01 3.516614151000976562e+01
1.483688689768314362e-02 1.420909166336059570e+00
2.549863711465150118e-04 6.282602787017822266e+00
1.695002801716327667e-02 3.128618717193603516e+00
1.435634493827819824e-02 3.125828981399536133e+00
5.009593442082405090e-02 9.998945593833923340e-01
5.006361752748489380e-02 9.999446868896484375e-01
4.658091347664594650e-04 6.282645225524902344e+00
3.594051897525787354e-01 3.610613822937011719e+00
2.964461669921875000e+02 1.200511230468750000e+03
-1.605607122182846069e-01 1.838558912277221680e-01
5.436354160308837891e+00 5.648256301879882812e+00
1.276750408578664064e-04 3.141443729400634766e+00
-5.330266896635293961e-03 2.695537870749831200e-03
