3.466808199882507324e-01 9.999653100967407227e-01
2.856423187255859375e+01 3.516619110107421875e+01
1.302057877182960510e-02 1.420951962471008301e+00
1.251789217349141836e-04 6.282868862152099609e+00
9.803506545722484589e-03 3.131493091583251953e+00
9.218153543770313263e-03 3.130208969116210938e+00
5.006795004010200500e-02 9.999372959136962891e-01
5.003701522946357727e-02 9.999752044677734375e-01
3.660496440716087818e-04 6.282989978790283203e+00
5.367064103484153748e-02 6.282961845397949219e+00
2.868917846679687500e+02 1.218079467773437500e+03
-1.704248487949371338e-01 2.039420008659362793e-01
5.436347961425781250e+00 5.656027317047119141e+00
7.687463948968797922e-05 3.141523122787475586e+00
-5.991031881421804428e-03 3.752599237486720085e-03
