1.250227540731430054e-01 9.999767541885375977e-01
2.500162506103515625e+01 3.792608642578125000e+01
8.394762873649597168e-03 1.661271452903747559e+00
1.097325275623006746e-05 6.282930850982666016e+00
6.553643848747014999e-03 3.133854866027832031e+00
6.323122419416904449e-03 3.132111310958862305e+00
5.001812055706977844e-02 9.999735355377197266e-01
5.001316219568252563e-02 9.999960064888000488e-01
2.995653776451945305e-04 6.283028125762939453e+00
1.380423054797574878e-04 6.283026218414306641e+00
1.008572769165039062e+02 1.322276123046875000e+03
-2.540642321109771729e-01 2.597090005874633789e-01
5.374056339263916016e+00 5.706078529357910156e+00
2.725998092500958592e-05 3.141556501388549805e+00
-1.003111433237791061e-02 5.518073681741952896e-03
