3.466916978359222412e-01 9.999470710754394531e-01
2.933396911621093750e+01 3.516606903076171875e+01
1.608042232692241669e-02 1.420894384384155273e+00
2.789838181342929602e-04 6.282538414001464844e+00
1.695055142045021057e-02 3.125862598419189453e+00
1.710198074579238892e-02 3.125519037246704102e+00
5.010823160409927368e-02 9.998768568038940430e-01
5.006495490670204163e-02 9.999377727508544922e-01
5.166819901205599308e-04 6.282613754272460938e+00
4.179065525531768799e-01 3.610613346099853516e+00
3.242277221679687500e+02 1.159983642578125000e+03
-1.525526493787765503e-01 1.804287284612655640e-01
5.442504882812500000e+00 5.632448673248291016e+00
1.558795192977413535e-04 3.141405105590820312e+00
-5.145644769072532654e-03 2.695523435249924660e-03
