3.466812372207641602e-01 9.999612569808959961e-01
2.881073760986328125e+01 3.516616439819335938e+01
1.312838122248649597e-02 1.420946717262268066e+00
1.951809244928881526e-04 6.282731056213378906e+00
1.415989547967910767e-02 3.130619287490844727e+00
1.073438394814729691e-02 3.126977205276489258e+00
5.007161945104598999e-02 9.999289512634277344e-01
5.004158988595008850e-02 9.999724030494689941e-01
4.557574866339564323e-04 6.282790184020996094e+00
3.208687305450439453e-01 6.282839775085449219e+00
2.868939819335937500e+02 1.218078979492187500e+03
-1.605651676654815674e-01 2.026346921920776367e-01
5.436349868774414062e+00 5.648260116577148438e+00
8.410515147261321545e-05 3.141509532928466797e+00
-5.627677775919437408e-03 3.503347979858517647e-03
