2.592470049858093262e-01 9.999751448631286621e-01
2.829392814636230469e+01 3.649962615966796875e+01
1.128302048891782761e-02 1.508480668067932129e+00
4.376109791337512434e-05 6.282882690429687500e+00
8.687576279044151306e-03 3.132629394531250000e+00
6.660481449216604233e-03 3.131230115890502930e+00
5.006248876452445984e-02 9.999470710754394531e-01
5.003162100911140442e-02 9.999762773513793945e-01
3.022380697075277567e-04 6.282990932464599609e+00
4.140577511861920357e-04 6.282967567443847656e+00
2.022513427734375000e+02 1.322275878906250000e+03
-1.944802254438400269e-01 2.242394387722015381e-01
5.403815269470214844e+00 5.656030654907226562e+00
6.115910946391522884e-05 3.141551971435546875e+00
-6.848177872598171234e-03 3.752613440155982971e-03
