3.466848134994506836e-01 9.999575614929199219e-01
2.930724525451660156e+01 3.516615676879882812e+01
1.316741015762090683e-02 1.420943975448608398e+00
2.457677037455141544e-04 6.282629966735839844e+00
1.444033812731504440e-02 3.129359245300292969e+00
1.113848481327295303e-02 3.126512289047241211e+00
5.008311569690704346e-02 9.999216794967651367e-01
5.006102472543716431e-02 9.999581575393676758e-01
4.593830963131040335e-04 6.282661437988281250e+00
3.593990206718444824e-01 3.610626459121704102e+00
2.869610595703125000e+02 1.200512084960937500e+03
-1.605615168809890747e-01 1.838658303022384644e-01
5.436353683471679688e+00 5.648258209228515625e+00
8.931482443585991859e-05 3.141454935073852539e+00
-5.330407526344060898e-03 2.695576287806034088e-03
